13,42,54,22,37
19,24,74,71,22,53,16,94,95,33,27,15,54,14,87,31,13,17,89
89,15,74,16,27,14,33,58,13,42,24,54,95,22,52
15,94,74,19,92,58,13,42,24,54,95,17,53,22,21
78,69,59,77,47,25,12,83,89,94,74,16,19,27,87,14,71,92,28,33,58,13,42
67,86,41,69,35,59,39,83,47,37,25,57,97
99,39,57,86,23,97,37,75,41,46,67,69,59,83,89
81,77,47,12,94,16,19,28,58
53,22,21,35,99,39,79,57,86,23,97,93,75,46,67,78,77
25,12,83,89,15,74,19,27,87,14,92,33,58
22,53,57,52,95,79,24,97,39,81,46,41,84,93,35,54,23,67,21,17,99,37,75
81,24,57,17,54,23,35,99,37,31,22,84,46
95,53,22,52,39,23,97,37,93,75,46,81,67,78,69
52,21,35,57,86,23,97,37,75,46,67,78,69,47,25
81,59,78,75,89,57,67,25,83,12,41,69,16,74,97,94,93,37,15,23,46,77,86
12,83,23,69,75,99,93,97,41,67,89,79,86
21,79,24,22,39,28,95,13,33,35,86,84,31
14,28,58,95,52,21,35,39,86
54,46,84,57,78,21,37,39,99
39,46,67,77,81,59,57,97,69,37,99,84,53,52,41,78,22,79,35,86,75,23,21
92,28,33,58,42,31,24,54,95,17,52,21,35,99,84,39,79
16,87,13,31,33,19,21,17,52,42,28,15,71,74,58,94,54,95,24
37,93,81,67,59,74,16,27,87
87,58,31,54,99,84,57
39,42,53,93,31
21,57,23,22,92,39,52,97,79,31,28,17,33,86,42
37,77,84,79,52,22,67,97,78,47,75,93,39,57,81
95,52,35,99,84,79,97,41,46,81,67,78,69
67,46,81,78,47,94,79,15,93,25,97,12,23,39,75
23,97,37,93,75,41,46,81,67,78,59,77,47,25,12,83,89,15,94,74,16,19,27
46,39,59,47,75,69,86,57,21,37,12,41,23,35,99,77,81,79,97,78,25
19,13,16,74,95,92,27,89,14,15,31,71,58,17,87,54,12,33,42,83,28
13,12,19,92,16,94,83,47,87,59,42,27,78
54,17,53,52,79,86,97,93,41,46,78
97,84,69,86,81,23,21,52,47,37,78,75,59,41,22,57,67,99,35,39,46
28,53,13,95,99,17,37
94,74,16,19,27,87,14,71,92,33,58,13,42,31,54,95,53,22,52,21,35
12,15,74,71,58,87,28,16,27,53,92
93,94,12,71,87,83,77,47,41
92,99,14,21,16,54,19,42,71,87,24,84,35,52,28,53,95,27,13,58,17,33,31
46,47,93,16,59,97,83,27,37,69,87,25,12,78,67
71,92,33,42,24,17,52,21,84,79,86
22,86,69,59,47,41,75
97,86,83,81,67,12,77,23,59,37,89,25,47
19,27,28,42,52,99,39
27,87,14,71,92,28,33,58,13,42,31,24,54,95,17,53,22,21,35,99,84,39,79
15,94,74,16,19,27,14,71,92,28,33,58,13,42,31,24,54,95,17,53,22,52,21
21,39,23,46,77,47,12
93,75,81,67,78,69,77,47,25,12,83,89,15,94,74,19,27,87,14
39,79,57,86,23,97,93,75,41,46,67,78,69,59,77,25,83,89,94
52,58,19,28,27,94,95,92,89,13,31,87,33,42,15
46,78,93,17,52,21,95,41,57
19,71,33,54,95,53,84
67,78,69,59,47,12,83,89,15,94,74,19,28,58,13
22,52,35,99,79,97,37,75,41,78,59
99,84,39,79,57,86,23,97,37,93,75,41,46,81,67,78,69,59,77,47,25,83,89
78,69,59,47,25,12,83,89,15,74,16,27,87,14,92,28,33,58,42
57,86,23,37,93,75,41,46,81,67,78,59,77,47,25,12,83,89,15,74,16
81,39,95,21,99,67,78,41,23
37,12,59,83,79,75,99,57,41,86,25,77,78,35,67
15,28,95,42,83,33,14,19,24,12,53
84,81,41,86,97,67,57,35,46,52,23
23,33,17,84,22,71,52,42,39
17,53,22,52,35,84,39,79,57,86,23,97,37,93,75,81,67,78,59
46,78,81,41,71,89,19,67,92,28,15,27,77,47,94,14,25,16,12
37,93,46,78,77,87,14
92,16,46,69,14,89,87,74,81,19,15,47,94,12,67,25,83,33,28,78,27,77,59
86,79,52,21,69,78,67,39,81,23,99,77,84,41,59,35,47,37,97,46,93,25,57
94,74,19,27,87,14,28,33,58,13,42,31,24,54,95,17,53,22,52,21,35
94,74,19,27,14,71,92,28,33,58,42,24,54,95,17,53,22,52,21
15,14,25,31,12,94,33,16,27,69,77,42,13,47,59,74,28
67,78,69,25,89,94,19,27,87,92,28,33,13
41,46,67,47,83,19,27
95,17,53,22,52,21,35,99,79,57,86,23,97,37,93,75,41,46,81,78,69
89,87,92,58,31,71,33,42,15,25,28,24,59
25,83,74,16,71,28,13,42,24,95,17
52,58,92,87,71,24,39,17,84,19,28,13,21,14,35,99,54,31,95
97,37,75,81,67,78,69,59,47,12,94,16,87
92,28,33,13,42,24,95,17,53,22,52,21,35,99,39,57,86,23,97
71,28,33,58,13,31,24,54,17,53,52,99,39,79,57,86,23
23,97,39,58,52
21,46,37,75,79,52,84,81,23,35,31
31,24,54,21,35,99,39,79,86,23,97,37,41,46,81
77,47,12,89,15,94,74,16,19,14,92,28,33,58,42,24,54
93,75,78,69,77
33,59,94,19,92,89,47,27,13
83,89,94,74,27,71,58,42,17,53,22
19,25,89,14,92,15,42,83,24,74,59,33,28,77,31,47,13,94,12,27,16
79,23,37,31,86,17,95,39,75,35,58,54,84,42,97,22,53,21,57
92,22,52,15,54,71,19,27,16,31,13
12,83,74,28,33,58,53
33,13,42,31,24,95,53,52,21,35,99,84,79,23,97,37,93
77,83,15,27,28,33,42
15,89,59,94,77,83,47,75,46,37,41,69,12,74,19,27,93,16,97,78,81,67,23
22,21,35,99,39,23,37,41,46,81,67,78,69,77,47
69,47,25,12,94,74,16,19,87,14,71,28,33,58,13,42,31
39,86,97,93,41,46,69,77,47,12,89,15,94
41,46,15,94,71,92,28
87,78,27,94,12,14,16,33,28,47,19,15,69
84,39,57,23,97,37,93,41,81,67,78,59,47,25,15
79,89,77,67,74,94,12
25,89,27,71,42,54,17
24,21,31,87,28,33,71,52,74,27,17,22,42
12,15,27,14,71,92,42,31,53
93,23,46,75,37,67,17,99,84,35,57,52,95,86,54,53,81,79,78,41,97,21,39
89,59,19,31,87,16,28,12,13,47,27,94,24,42,14,74,25
84,57,59,69,93,23,21,12,78,41,25,77,35,99,75,47,67,97,86,37,39,81,46
16,19,27,87,14,92,28,33,58,13,42,31,24,95,17,53,22
77,15,74,16,14,92,28
69,59,25,12,83,89,15,16,19,27,87,71,28,13,31
84,37,47,59,93,46,41,69,25,57,21,78,12,75,77,81,79,97,23,39,67
92,58,31,24,95,52,21,84,97
16,37,41,14,27,59,77,81,75,83,74,47,15
78,12,27,71,58,14,89,67,19,83,16,15,59,28,69,47,92,81,94
57,86,23,97,37,93,75,41,46,81,67,78,69,59,77,47,12,83,89,15,94,74,16
46,16,15,23,67,89,94,27,77,69,97,47,81
52,84,79,57,97,67,25
35,99,84,79,86,41,46,81,67,78,59,77,47,12,83
14,71,33,42,54,21,99,84,86
69,77,81,57,21,59,53,52,86
16,27,14,71,92,58,13,42,22,21,84
93,41,81,67,78,69,77,25,12,83,89,15,74,16,19,27,87,14,71
84,17,31,92,99
35,81,84,57,46,79,97,39,99,86,54,95,21,17,23,67,52,53,37,78,41,22,75
22,52,99,39,79,57,86,23,97,37,93,75,41,46,67,78,69,59,47
13,42,31,54,95,17,53,22,52,21,35,99,84,39,79,57,86,37,41
74,16,19,71,92,28,33,58,13,42,31,24,54,95,17,52,21,35,99
87,71,92,58,13,42,31,24,54,95,53,22,52,21,35,99,84,79,57
78,69,59,77,83,89,15,94,16,19,87,14,71,28,58,13,42
75,46,81,78,77,12,83,89,15,94,74,16,19,27,14
54,94,13,53,83,87,12,71,33,15,14,58,74,24,17,42,95
17,53,22,21,99,79,23,97,37,75,46,81,78,69,59
41,22,93,99,84,23,67,46,39,79,81,75,37,35,57,17,24
81,23,41,37,86,75,83,79,77,89,15,39,25,97,93
17,52,54,37,75,41,97,42,46
15,83,87,89,97,69,77,37,25
86,22,53,75,93,95,99,31,35,23,46,37,81,54,21,57,79,97,52,39,84,41,17
86,39,79,54,21,31,22,99,42,24,13,58,35,84,52,37,33,23,95
24,84,79,41,46,81,67
83,94,92,42,54
24,54,53,52,21,99,84,79,57,86,97,41,67
33,58,54,83,17,31,28,71,14,25,13
13,42,31,54,95,53,52,21,35,99,39,79,86,23,37,75,41
99,84,39,57,86,23,37,75,46,78,69,59,77,25,12
86,23,97,93,75,41,78,59,77,47,12,83,15,16,19
77,47,83,89,15,94,74,16,19,27,14,71,92,28,33,58,13,42,31,24,54
47,25,12,83,89,94,74,16,19,27,87,14,71,92,28,58,13,42,31,24,95
74,16,19,87,14,71,33,58,13,42,24,54,95,17,53,52,21,35,99
46,87,14,92,15,59,69,33,77
22,16,89,95,54,27,94,17,71,53,24,87,52,33,15
75,41,46,81,69,59,77,47,25,12,89,15,94,74,16,19,27,71,92
13,28,69,78,42,94,47,83,25
86,54,33,42,35,22,71,57,17,13,14
95,21,24,39,53,81,67,84,75,22,79,52,46
75,86,93,78,69,46,81,22,23,97,39,52,35,95,57,21,79
21,35,99,84,39,79,57,86,23,37,93,75,41,81,78,69,59,77,47,25,12
58,24,15,95,22,28,54,92,42,52,87,53,16,14,33,13,94,19,27
83,47,84,59,46
14,71,92,28,58,13,42,24,54,95,17,22,52,21,99,84,39,79,86
71,92,33,58,54,95,22,52,21,84,79
58,13,42,54,95,53,22,21,35,79,23,93,75
84,39,79,57,86,23,97,37,93,75,41,46,81,78,69,59,77,47,25,12,83
67,84,46,39,78,41,47,79,23,86,75,59,57
14,19,59,25,67,28,94,77,81,16,78,83,89,74,41,69,15,92,87,71,27,12,47
52,35,99,39,79,86,97,37,93,75,41,81,78,69,59,47,25
37,93,75,41,46,81,67,78,69,77,47,25,12,83,15,74,16,19,27,87,14
92,33,58,13,95,17,53,22,52,21,84,39,79,57,97
28,94,24,54,16,83,22,17,74
13,57,86,21,39,42,53,24,41
83,25,86,94,23,12,15,75,41,77,69,78,89,81,79,37,74
53,22,37,93,75,46,81,67,78,69,77
92,87,17,52,27,54,53,95,71,24,74,21,16,33,58,94,14,31,22,19,35,28,13
31,79,22,17,53,41,42,75,84,86,97,54,93,23,21
79,52,84,53,92,95,71,21,28,54,39,13,31,17,86
27,42,25,28,95,92,47,33,16,71,12,87,58
52,21,99,84,39,86,37,75,41,46,81,67,78,59,25
27,12,24,19,92,16,74,14,31,94,87,54,47,15,95,33,83,42,89
74,92,28,33,58,54,22
53,35,84,57,86,97,93,75,41,81,78,59,77
22,52,99,84,23,37,81
31,54,81,79,22,97,21
42,47,13,25,74,15,58,69,19
92,33,58,42,31,24,17,53,22,35,99,84,39,86,97
31,24,95,17,22,21,23,97,37
41,75,78,81,99,21,52,79,53,69,59,77,39
57,93,59,99,84,17,35,69,21
92,31,25,24,58,59,71,87,27,94,16,14,15,28,12,47,89,19,33,13,77,74,42
75,41,46,81,67,78,69,59,77,47,25,12,83,89,15,94,74,19,27,87,14,71,92
75,46,67,78,69,59,77,47,83,89,15,16,27,87,14,71,92
21,35,99,84,39,79,57,86,23,93,75,41,46,81,67,78,69,59,47,25,12
35,86,75,46,67
81,94,78,27,23,97,47,77,16,19,89
81,67,78,69,59,77,47,25,83,89,15,94,74,16,27,87,14,71,92,33,58
47,71,94,92,87,25,12,67,27,15,77,14,83,59,16,78,74,75,81,69,41,19,89
35,99,84,79,97,37,93,75,78,69,47,12,83
23,81,67,78,25,12,27
86,17,54,35,81,52,31
99,24,14,39,79,21,17,87,54,53,92,58,52,28,27
52,21,35,99,39,79,93,69,25
41,27,97,89,94,47,93,19,81,16,77,75,74,25,12,67,83,69,23,78,37